# id|flowering branches|clusters per branch|est. fruit (2 Sep)|fruit 16 Sep|fruit 28 Sep|note
A1|2|2|4|2|0|
A2|3|2|6|6|6|Pp, harvested 18
A3|8|4|32|32|32|Pp
A4|3|3|9|9|5|Pp
A5|2|7|14|0|0|
A6|8|6|48|32|32|Pp
A7|1|6|6|5|10|
A8|9|7|63|0|20|
A9|1|3|3|2|5|
A10|6|6|36|0|25|
A11|4|4|16|0|0|rontok
A13|2|5|10|0|6|
A14|4|3|12|0|10|
A15|2|3|6|0|4|
A16|8|7|56|0|30|
A18|10|6|60|0|10|
A20|11|6|66|0|20|
A21|6|5|30|1|15|
A22|13|7|91|0|12|
A25|15|6|90|0|15|
A27|2|3|6|2|3|
A28|7|4|28|0|4|
A29|1|1|1|0|0|
A31|5|4|20|5|4|
A32|11|6|66|11|10|
A33|6|6|36|6|10|
A34|9|4|36|9|9|
A35|5|3|15|5|5|
A36|9|4|36|9|9|Pp
A37|10|6|60|10|10|
A38|4|3|12|4|4|
A39|6|5|30|6|6|
A41|7|3|21|7|10|
B1|7|5|35|7|7|
B4|4|6|24|4|4|
B6|18|7|126|18|18|
B7|4|2|8|4|4|
B12|7|5|35|7|7|Pp
B13|6|7|42|6|6|Pp
B14|4|4|16|4|4|
B15|2|2|4|2|0|
B18|4|5|20|4|4|
B20|2|2|4|0|0|
B21|6|7|42|6|6|
B22|6|5|30|6|4|
B24|1|1|1|0|0|mata ketam
B25|4|6|24|0|5|
B26|4|4|16|0|0|rontok
B27|7|6|42|0|5|
B28|7|6|42|0|10|
B29|11|7|77|77|40|
B32|8|5|40|0|5|
B33|10|5|50|5|10|Pp
B34|3|2|6|1|0|
B36|4|2|8|2|0|
B37|3|3|9|3|5|
B38|10|6|60|10|15|
B39|3|3|9|3|3|
B48|7|6|42|7|5|
B49|3|4|12|3|3|
B50|5|3|15|5|3|
B51|2|2|4|2|3|
B55|9|7|63|9|9|
B56|4|3|12|4|4|
B57|5|4|20|5|5|
B58|4|6|24|4|6|
B63|2|6|12|0|5|
B67|6|7|42|6|6|Daun kurang
B68|5|7|35|5|10|Pp
B69|11|7|77|11|11|Pp
B75|4|5|20|4|4|
B77|7|8|56|0|15|
C1|6|6|36|6|6|
C2|12|7|84|12|12|
C3|7|6|42|7|7|
C4|4|2|8|8|7|
C5|5|3|15|15|10|
C6|3|4|12|12|5|
C7|3|3|9|3|3|
C8|9|7|63|9|9|
C10|15|7|105|1|13|Pp
C11|4|3|12|4|4|Pp
C12|11|4|44|11|11|Pp
C13|14|4|56|10|10|Pp
C14|15|8|120|15|10|Pp
C15|7|6|42|9|12|Pp
C16|14|7|98|14|14|
C17|10|5|50|10|10|
C18|6|5|30|6|6|Pp
C20|6|7|42|6|6|
C21|9|6|54|9|9|
C26|9|7|63|9|9|
C27|5|6|30|0|6|
C29|14|7|98|14|10|
C30|4|3|12|12|4|
C31|6|7|42|10|15|Pp
C33|8|6|48|8|8|
C34|13|8|104|13|13|
C35|3|3|9|3|5|
C36|8|7|56|5|5|Pp
C37|7|6|42|7|7|
C38|13|4|52|13|13|
C39|13|7|91|13|13|
C40|12|4|48|12|12|2 musim
C42|5|3|15|5|5|
D3|3|2|6|0|4|
D4|10|4|40|10|10|
D7|17|6|102|10|10|
D8|17|5|85|20|20|
D11|3|4|12|3|10|
D12|9|6|54|9|9|
D14|6|3|18|11|14|Pp
D15|4|3|12|4|6|
D17|5|3|15|5|5|
D18|19|5|95|19|15|
D19|8|3|24|8|10|
D20|11|6|66|11|10|
D21|7|6|42|7|10|
D22|7|8|56|7|10|
D23|8|5|40|8|8|
D24|12|6|72|12|12|
D26|6|4|24|6|10|
D27|7|6|42|7|7|Pp
D28|8|6|48|8|8|Pp
D29|6|4|24|6|11|Pp
D30|3|2|6|3|3|Pp
D31|6|4|24|6|10|Pp, 2 musim
D32|4|3|12|4|4|Pp
D34|4|3|12|4|4|
D36|12|4|48|12|12|Pp
D38|5|3|15|5|5|Pp
D40|8|7|56|8|15|Pp
D41|7|4|28|7|7|
D42|5|4|20|5|6|Pp
D43|17|3|51|17|20|Pp
